#        Mach    1.00e-04   3.162e-04   1.000e-03   3.162e-03   1.000e-02   3.162e-02   1.000e-01   3.162e-01   1.000e+00   3.162e+00   1.000e+01   3.162e+01   1.000e+02
      1.273    6.15e-53    1.02e-49    1.71e-46    2.85e-43    4.76e-40    7.93e-37    1.32e-33    2.20e-30    3.68e-27    6.13e-24    1.02e-20    1.70e-17    2.84e-14  
      1.276    2.65e-52    4.00e-49    6.09e-46    9.22e-43    1.40e-39    2.12e-36    3.20e-33    4.85e-30    7.35e-27    1.11e-23    1.69e-20    2.55e-17    3.87e-14  
      1.280    1.13e-51    1.55e-48    2.15e-45    2.96e-42    4.08e-39    5.61e-36    7.73e-33    1.06e-29    1.46e-26    2.02e-23    2.78e-20    3.82e-17    5.26e-14  
      1.283    4.80e-51    5.99e-48    7.53e-45    9.43e-42    1.18e-38    1.48e-35    1.85e-32    2.32e-29    2.91e-26    3.64e-23    4.56e-20    5.71e-17    7.16e-14  
      1.286    2.01e-50    2.28e-47    2.61e-44    2.98e-41    3.40e-38    3.88e-35    4.42e-32    5.04e-29    5.75e-26    6.56e-23    7.48e-20    8.53e-17    9.73e-14  
      1.290    8.30e-50    8.59e-47    8.96e-44    9.31e-41    9.68e-38    1.01e-34    1.05e-31    1.09e-28    1.13e-25    1.18e-22    1.22e-19    1.27e-16    1.32e-13  
      1.293    3.38e-49    3.19e-46    3.04e-43    2.88e-40    2.73e-37    2.59e-34    2.46e-31    2.33e-28    2.21e-25    2.10e-22    1.99e-19    1.89e-16    1.79e-13  
      1.296    1.36e-48    1.17e-45    1.02e-42    8.82e-40    7.64e-37    6.62e-34    5.73e-31    4.97e-28    4.30e-25    3.73e-22    3.23e-19    2.80e-16    2.42e-13  
      1.300    5.37e-48    4.23e-45    3.37e-42    2.67e-39    2.11e-36    1.67e-33    1.33e-30    1.05e-27    8.31e-25    6.59e-22    5.22e-19    4.13e-16    3.27e-13  
      1.304    2.16e-47    1.56e-44    1.13e-41    8.17e-39    5.92e-36    4.28e-33    3.10e-30    2.24e-27    1.62e-24    1.17e-21    8.49e-19    6.14e-16    4.44e-13  
      1.307    8.24e-47    5.44e-44    3.63e-41    2.40e-38    1.59e-35    1.06e-32    7.02e-30    4.65e-27    3.09e-24    2.05e-21    1.36e-18    9.01e-16    5.97e-13  
      1.311    3.20e-46    1.93e-43    1.18e-40    7.16e-38    4.35e-35    2.64e-32    1.61e-29    9.76e-27    5.93e-24    3.60e-21    2.19e-18    1.33e-15    8.08e-13  
      1.315    1.21e-45    6.73e-43    3.76e-40    2.10e-37    1.17e-34    6.52e-32    3.63e-29    2.02e-26    1.13e-23    6.28e-21    3.50e-18    1.95e-15    1.09e-12  
      1.318    4.51e-45    2.30e-42    1.18e-39    6.05e-37    3.10e-34    1.59e-31    8.12e-29    4.16e-26    2.13e-23    1.09e-20    5.57e-18    2.85e-15    1.46e-12  
      1.322    1.64e-44    7.72e-42    3.65e-39    1.72e-36    8.09e-34    3.81e-31    1.79e-28    8.44e-26    3.98e-23    1.87e-20    8.82e-18    4.15e-15    1.95e-12  
      1.326    6.04e-44    2.61e-41    1.13e-38    4.90e-36    2.12e-33    9.20e-31    3.98e-28    1.72e-25    7.47e-23    3.23e-20    1.40e-17    6.06e-15    2.63e-12  
      1.330    2.23e-43    8.83e-41    3.53e-38    1.40e-35    5.59e-33    2.23e-30    8.87e-28    3.53e-25    1.41e-22    5.59e-20    2.23e-17    8.87e-15    3.53e-12  
      1.334    7.81e-43    2.86e-40    1.05e-37    3.87e-35    1.42e-32    5.22e-30    1.92e-27    7.04e-25    2.59e-22    9.50e-20    3.49e-17    1.28e-14    4.71e-12  
      1.338    2.75e-42    9.27e-40    3.15e-37    1.07e-34    3.62e-32    1.23e-29    4.15e-27    1.41e-24    4.77e-22    1.62e-19    5.47e-17    1.85e-14    6.28e-12  
      1.342    9.65e-42    3.01e-39    9.43e-37    2.95e-34    9.21e-32    2.88e-29    9.00e-27    2.81e-24    8.80e-22    2.75e-19    8.59e-17    2.69e-14    8.40e-12  
      1.346    3.31e-41    9.53e-39    2.76e-36    7.98e-34    2.31e-31    6.66e-29    1.92e-26    5.56e-24    1.61e-21    4.64e-19    1.34e-16    3.87e-14    1.12e-11  
      1.351    1.13e-40    3.01e-38    8.08e-36    2.16e-33    5.76e-31    1.54e-28    4.11e-26    1.10e-23    2.93e-21    7.82e-19    2.09e-16    5.58e-14    1.49e-11  
      1.355    3.86e-40    9.49e-38    2.35e-35    5.81e-33    1.43e-30    3.54e-28    8.75e-26    2.16e-23    5.33e-21    1.32e-18    3.25e-16    8.03e-14    1.98e-11  
      1.359    1.28e-39    2.91e-37    6.69e-35    1.53e-32    3.50e-30    8.01e-28    1.83e-25    4.19e-23    9.60e-21    2.20e-18    5.02e-16    1.15e-13    2.63e-11  
      1.364    4.21e-39    8.90e-37    1.89e-34    4.02e-32    8.52e-30    1.81e-27    3.83e-25    8.12e-23    1.72e-20    3.65e-18    7.75e-16    1.64e-13    3.49e-11  
      1.368    1.38e-38    2.70e-36    5.33e-34    1.05e-31    2.06e-29    4.05e-27    7.97e-25    1.57e-22    3.08e-20    6.07e-18    1.19e-15    2.35e-13    4.62e-11  
      1.373    4.46e-38    8.12e-36    1.49e-33    2.71e-31    4.95e-29    9.05e-27    1.65e-24    3.01e-22    5.50e-20    1.00e-17    1.83e-15    3.35e-13    6.11e-11  
      1.377    1.43e-37    2.42e-35    4.11e-33    6.97e-31    1.18e-28    2.01e-26    3.40e-24    5.76e-22    9.77e-20    1.66e-17    2.81e-15    4.76e-13    8.08e-11  
      1.382    4.54e-37    7.13e-35    1.13e-32    1.78e-30    2.80e-28    4.41e-26    6.96e-24    1.10e-21    1.73e-19    2.72e-17    4.29e-15    6.77e-13    1.07e-10  
      1.387    1.42e-36    2.08e-34    3.06e-32    4.48e-30    6.57e-28    9.64e-26    1.41e-23    2.07e-21    3.04e-19    4.46e-17    6.54e-15    9.58e-13    1.41e-10  
      1.392    4.40e-36    5.99e-34    8.20e-32    1.12e-29    1.53e-27    2.09e-25    2.85e-23    3.89e-21    5.32e-19    7.26e-17    9.91e-15    1.35e-12    1.85e-10  
      1.397    1.34e-35    1.70e-33    2.17e-31    2.76e-29    3.52e-27    4.48e-25    5.70e-23    7.26e-21    9.24e-19    1.18e-16    1.50e-14    1.91e-12    2.42e-10  
      1.401    4.04e-35    4.78e-33    5.69e-31    6.76e-29    8.03e-27    9.54e-25    1.13e-22    1.34e-20    1.60e-18    1.90e-16    2.25e-14    2.67e-12    3.18e-10  
      1.406    1.21e-34    1.34e-32    1.49e-30    1.65e-28    1.83e-26    2.03e-24    2.25e-22    2.49e-20    2.76e-18    3.06e-16    3.39e-14    3.76e-12    4.16e-10  
      1.412    3.64e-34    3.75e-32    3.89e-30    4.02e-28    4.16e-26    4.31e-24    4.46e-22    4.61e-20    4.77e-18    4.93e-16    5.10e-14    5.28e-12    5.46e-10  
      1.417    1.06e-33    1.02e-31    9.91e-30    9.58e-28    9.27e-26    8.97e-24    8.68e-22    8.40e-20    8.12e-18    7.86e-16    7.60e-14    7.35e-12    7.11e-10  
      1.422    3.10e-33    2.80e-31    2.54e-29    2.30e-27    2.08e-25    1.88e-23    1.70e-21    1.54e-19    1.39e-17    1.26e-15    1.14e-13    1.03e-11    9.30e-10  
      1.427    8.94e-33    7.55e-31    6.41e-29    5.42e-27    4.59e-25    3.89e-23    3.29e-21    2.79e-19    2.36e-17    2.00e-15    1.69e-13    1.43e-11    1.21e-09  
      1.433    2.56e-32    2.02e-30    1.61e-28    1.27e-26    1.01e-24    8.01e-23    6.35e-21    5.03e-19    3.99e-17    3.16e-15    2.51e-13    1.99e-11    1.58e-09  
      1.438    7.17e-32    5.32e-30    3.96e-28    2.95e-26    2.19e-24    1.63e-22    1.21e-20    9.00e-19    6.69e-17    4.98e-15    3.70e-13    2.75e-11    2.04e-09  
      1.444    2.02e-31    1.40e-29    9.79e-28    6.83e-26    4.76e-24    3.32e-22    2.31e-20    1.61e-18    1.12e-16    7.84e-15    5.46e-13    3.81e-11    2.66e-09  
      1.450    5.61e-31    3.66e-29    2.40e-27    1.57e-25    1.03e-23    6.72e-22    4.39e-20    2.87e-18    1.88e-16    1.23e-14    8.05e-13    5.26e-11    3.44e-09  
      1.455    1.53e-30    9.37e-29    5.77e-27    3.55e-25    2.18e-23    1.34e-21    8.24e-20    5.07e-18    3.11e-16    1.91e-14    1.18e-12    7.23e-11    4.45e-09  
      1.461    4.16e-30    2.39e-28    1.39e-26    8.01e-25    4.63e-23    2.67e-21    1.55e-19    8.93e-18    5.16e-16    2.98e-14    1.72e-12    9.95e-11    5.75e-09  
      1.467    1.13e-29    6.10e-28    3.32e-26    1.80e-24    9.80e-23    5.32e-21    2.89e-19    1.57e-17    8.53e-16    4.63e-14    2.52e-12    1.37e-10    7.43e-09  
      1.473    3.01e-29    1.54e-27    7.87e-26    4.02e-24    2.06e-22    1.05e-20    5.37e-19    2.74e-17    1.40e-15    7.17e-14    3.66e-12    1.87e-10    9.57e-09  
      1.479    7.94e-29    3.81e-27    1.84e-25    8.86e-24    4.27e-22    2.05e-20    9.89e-19    4.76e-17    2.29e-15    1.10e-13    5.31e-12    2.56e-10    1.23e-08  
      1.486    2.08e-28    9.42e-27    4.28e-25    1.94e-23    8.81e-22    4.00e-20    1.81e-18    8.23e-17    3.73e-15    1.69e-13    7.68e-12    3.49e-10    1.58e-08  
      1.492    5.37e-28    2.29e-26    9.83e-25    4.21e-23    1.80e-21    7.71e-20    3.30e-18    1.41e-16    6.04e-15    2.58e-13    1.11e-11    4.73e-10    2.03e-08  
      1.498    1.38e-27    5.58e-26    2.26e-24    9.11e-23    3.68e-21    1.48e-19    6.00e-18    2.42e-16    9.77e-15    3.95e-13    1.59e-11    6.43e-10    2.60e-08  
      1.505    3.54e-27    1.34e-25    5.14e-24    1.96e-22    7.46e-21    2.84e-19    1.08e-17    4.13e-16    1.57e-14    6.00e-13    2.29e-11    8.72e-10    3.32e-08  
      1.512    8.88e-27    3.19e-25    1.15e-23    4.15e-22    1.50e-20    5.39e-19    1.94e-17    6.99e-16    2.52e-14    9.07e-13    3.27e-11    1.18e-09    4.24e-08  
      1.518    2.24e-26    7.59e-25    2.59e-23    8.82e-22    3.00e-20    1.02e-18    3.48e-17    1.18e-15    4.03e-14    1.37e-12    4.67e-11    1.59e-09    5.41e-08  
      1.525    5.53e-26    1.78e-24    5.73e-23    1.85e-21    5.95e-20    1.92e-18    6.17e-17    1.99e-15    6.40e-14    2.06e-12    6.64e-11    2.14e-09    6.89e-08  
      1.532    1.36e-25    4.13e-24    1.26e-22    3.85e-21    1.17e-19    3.58e-18    1.09e-16    3.32e-15    1.01e-13    3.09e-12    9.42e-11    2.87e-09    8.76e-08  
      1.539    3.31e-25    9.55e-24    2.76e-22    7.97e-21    2.30e-19    6.65e-18    1.92e-16    5.54e-15    1.60e-13    4.62e-12    1.33e-10    3.85e-09    1.11e-07  
      1.547    8.02e-25    2.19e-23    6.00e-22    1.64e-20    4.49e-19    1.23e-17    3.36e-16    9.20e-15    2.52e-13    6.89e-12    1.88e-10    5.15e-09    1.41e-07  
      1.554    1.91e-24    4.95e-23    1.29e-21    3.34e-20    8.67e-19    2.25e-17    5.84e-16    1.52e-14    3.93e-13    1.02e-11    2.65e-10    6.87e-09    1.78e-07  
      1.561    4.54e-24    1.12e-22    2.75e-21    6.78e-20    1.67e-18    4.11e-17    1.01e-15    2.49e-14    6.13e-13    1.51e-11    3.72e-10    9.16e-09    2.25e-07  
      1.569    1.07e-23    2.50e-22    5.86e-21    1.37e-19    3.20e-18    7.48e-17    1.75e-15    4.08e-14    9.54e-13    2.23e-11    5.21e-10    1.22e-08    2.85e-07  
      1.577    2.50e-23    5.55e-22    1.23e-20    2.74e-19    6.08e-18    1.35e-16    3.00e-15    6.65e-14    1.48e-12    3.28e-11    7.28e-10    1.62e-08    3.59e-07  
      1.584    5.78e-23    1.22e-21    2.57e-20    5.43e-19    1.15e-17    2.42e-16    5.11e-15    1.08e-13    2.27e-12    4.80e-11    1.01e-09    2.14e-08    4.51e-07  
      1.592    1.33e-22    2.66e-21    5.35e-20    1.07e-18    2.15e-17    4.32e-16    8.68e-15    1.74e-13    3.50e-12    7.02e-11    1.41e-09    2.83e-08    5.67e-07  
      1.600    3.03e-22    5.77e-21    1.10e-19    2.11e-18    4.02e-17    7.68e-16    1.47e-14    2.80e-13    5.35e-12    1.02e-10    1.95e-09    3.73e-08    7.12e-07  
      1.609    6.83e-22    1.24e-20    2.26e-19    4.10e-18    7.46e-17    1.36e-15    2.47e-14    4.48e-13    8.15e-12    1.48e-10    2.70e-09    4.90e-08    8.91e-07  
      1.617    1.52e-21    2.64e-20    4.57e-19    7.92e-18    1.37e-16    2.38e-15    4.12e-14    7.14e-13    1.24e-11    2.14e-10    3.71e-09    6.43e-08    1.11e-06  
      1.626    3.39e-21    5.59e-20    9.24e-19    1.53e-17    2.52e-16    4.16e-15    6.87e-14    1.13e-12    1.87e-11    3.09e-10    5.10e-09    8.43e-08    1.39e-06  
      1.634    7.46e-21    1.17e-19    1.85e-18    2.91e-17    4.59e-16    7.22e-15    1.14e-13    1.79e-12    2.82e-11    4.44e-10    6.99e-09    1.10e-07    1.73e-06  
      1.643    1.63e-20    2.45e-19    3.68e-18    5.53e-17    8.31e-16    1.25e-14    1.88e-13    2.82e-12    4.24e-11    6.36e-10    9.56e-09    1.44e-07    2.16e-06  
      1.652    3.53e-20    5.06e-19    7.27e-18    1.04e-16    1.50e-15    2.15e-14    3.08e-13    4.41e-12    6.33e-11    9.09e-10    1.30e-08    1.87e-07    2.68e-06  
      1.661    7.59e-20    1.04e-18    1.43e-17    1.95e-16    2.68e-15    3.67e-14    5.03e-13    6.89e-12    9.44e-11    1.29e-09    1.77e-08    2.43e-07    3.33e-06  
      1.670    1.62e-19    2.12e-18    2.78e-17    3.64e-16    4.76e-15    6.24e-14    8.17e-13    1.07e-11    1.40e-10    1.84e-09    2.40e-08    3.15e-07    4.12e-06  
      1.680    3.43e-19    4.29e-18    5.38e-17    6.74e-16    8.44e-15    1.06e-13    1.32e-12    1.66e-11    2.08e-10    2.60e-09    3.25e-08    4.08e-07    5.10e-06  
      1.689    7.19e-19    8.60e-18    1.03e-16    1.24e-15    1.48e-14    1.78e-13    2.13e-12    2.55e-11    3.06e-10    3.66e-09    4.39e-08    5.26e-07    6.30e-06  
      1.699    1.50e-18    1.72e-17    1.97e-16    2.26e-15    2.59e-14    2.97e-13    3.41e-12    3.91e-11    4.49e-10    5.15e-09    5.91e-08    6.77e-07    7.77e-06  
      1.709    3.10e-18    3.40e-17    3.74e-16    4.10e-15    4.51e-14    4.95e-13    5.44e-12    5.98e-11    6.57e-10    7.21e-09    7.93e-08    8.71e-07    9.56e-06  
      1.719    6.36e-18    6.68e-17    7.04e-16    7.41e-15    7.80e-14    8.22e-13    8.65e-12    9.10e-11    9.58e-10    1.01e-08    1.06e-07    1.12e-06    1.18e-05  
      1.730    1.30e-17    1.31e-16    1.32e-15    1.33e-14    1.34e-13    1.36e-12    1.37e-11    1.38e-10    1.39e-09    1.41e-08    1.42e-07    1.43e-06    1.44e-05  
      1.740    2.61e-17    2.53e-16    2.45e-15    2.37e-14    2.29e-13    2.22e-12    2.15e-11    2.08e-10    2.01e-09    1.95e-08    1.89e-07    1.83e-06    1.77e-05  
      1.751    5.25e-17    4.87e-16    4.53e-15    4.20e-14    3.91e-13    3.63e-12    3.37e-11    3.13e-10    2.91e-09    2.70e-08    2.51e-07    2.33e-06    2.16e-05  
      1.762    1.04e-16    9.30e-16    8.30e-15    7.40e-14    6.60e-13    5.89e-12    5.25e-11    4.68e-10    4.18e-09    3.73e-08    3.32e-07    2.96e-06    2.64e-05  
      1.773    2.06e-16    1.76e-15    1.51e-14    1.30e-13    1.11e-12    9.52e-12    8.15e-11    6.98e-10    5.98e-09    5.13e-08    4.39e-07    3.76e-06    3.22e-05  
      1.784    4.04e-16    3.32e-15    2.74e-14    2.26e-13    1.86e-12    1.53e-11    1.26e-10    1.04e-09    8.53e-09    7.03e-08    5.79e-07    4.76e-06    3.92e-05  
      1.796    7.87e-16    6.22e-15    4.93e-14    3.90e-13    3.09e-12    2.45e-11    1.94e-10    1.53e-09    1.21e-08    9.61e-08    7.61e-07    6.02e-06    4.77e-05  
      1.808    1.52e-15    1.16e-14    8.81e-14    6.71e-13    5.11e-12    3.89e-11    2.96e-10    2.26e-09    1.72e-08    1.31e-07    9.97e-07    7.60e-06    5.78e-05  
      1.820    2.92e-15    2.13e-14    1.57e-13    1.15e-12    8.42e-12    6.17e-11    4.52e-10    3.31e-09    2.43e-08    1.78e-07    1.30e-06    9.56e-06    7.01e-05  
      1.832    5.55e-15    3.91e-14    2.76e-13    1.95e-12    1.38e-11    9.72e-11    6.86e-10    4.84e-09    3.42e-08    2.41e-07    1.70e-06    1.20e-05    8.48e-05  
      1.845    1.05e-14    7.12e-14    4.85e-13    3.30e-12    2.24e-11    1.52e-10    1.04e-09    7.04e-09    4.79e-08    3.26e-07    2.21e-06    1.51e-05    1.02e-04  
      1.857    1.97e-14    1.29e-13    8.45e-13    5.54e-12    3.63e-11    2.38e-10    1.56e-09    1.02e-08    6.69e-08    4.38e-07    2.87e-06    1.88e-05    1.23e-04  
      1.870    3.67e-14    2.31e-13    1.46e-12    9.25e-12    5.85e-11    3.69e-10    2.33e-09    1.47e-08    9.32e-08    5.89e-07    3.72e-06    2.35e-05    1.48e-04  
      1.884    6.79e-14    4.13e-13    2.52e-12    1.54e-11    9.37e-11    5.71e-10    3.48e-09    2.12e-08    1.29e-07    7.88e-07    4.80e-06    2.93e-05    1.78e-04  
      1.897    1.25e-13    7.32e-13    4.31e-12    2.54e-11    1.49e-10    8.78e-10    5.16e-09    3.04e-08    1.79e-07    1.05e-06    6.18e-06    3.64e-05    2.14e-04  
      1.911    2.27e-13    1.29e-12    7.33e-12    4.16e-11    2.37e-10    1.34e-09    7.63e-09    4.33e-08    2.46e-07    1.40e-06    7.94e-06    4.51e-05    2.56e-04  
      1.925    4.12e-13    2.26e-12    1.24e-11    6.80e-11    3.73e-10    2.05e-09    1.12e-08    6.16e-08    3.38e-07    1.85e-06    1.02e-05    5.58e-05    3.06e-04  
      1.939    7.40e-13    3.92e-12    2.08e-11    1.10e-10    5.85e-10    3.10e-09    1.64e-08    8.72e-08    4.62e-07    2.45e-06    1.30e-05    6.89e-05    3.65e-04  
      1.954    1.32e-12    6.77e-12    3.47e-11    1.78e-10    9.13e-10    4.68e-09    2.40e-08    1.23e-07    6.30e-07    3.23e-06    1.66e-05    8.49e-05    4.35e-04  
      1.969    2.35e-12    1.16e-11    5.77e-11    2.86e-10    1.42e-09    7.03e-09    3.48e-08    1.73e-07    8.56e-07    4.25e-06    2.11e-05    1.04e-04    5.17e-04  
      1.984    4.13e-12    1.98e-11    9.51e-11    4.56e-10    2.19e-09    1.05e-08    5.04e-08    2.42e-07    1.16e-06    5.56e-06    2.67e-05    1.28e-04    6.14e-04  
      2.000    7.23e-12    3.36e-11    1.56e-10    7.24e-10    3.36e-09    1.56e-08    7.26e-08    3.37e-07    1.57e-06    7.27e-06    3.38e-05    1.57e-04    7.28e-04  
      2.016    1.26e-11    5.65e-11    2.54e-10    1.14e-09    5.15e-09    2.31e-08    1.04e-07    4.68e-07    2.11e-06    9.47e-06    4.26e-05    1.92e-04    8.62e-04  
      2.032    2.17e-11    9.45e-11    4.12e-10    1.80e-09    7.82e-09    3.41e-08    1.49e-07    6.47e-07    2.82e-06    1.23e-05    5.36e-05    2.33e-04    1.02e-03  
      2.049    3.72e-11    1.57e-10    6.64e-10    2.80e-09    1.18e-08    5.00e-08    2.11e-07    8.92e-07    3.77e-06    1.59e-05    6.72e-05    2.84e-04    1.20e-03  
      2.065    6.33e-11    2.59e-10    1.06e-09    4.35e-09    1.78e-08    7.30e-08    2.99e-07    1.22e-06    5.02e-06    2.05e-05    8.41e-05    3.45e-04    1.41e-03  
      2.083    1.07e-10    4.25e-10    1.69e-09    6.72e-09    2.67e-08    1.06e-07    4.22e-07    1.67e-06    6.65e-06    2.64e-05    1.05e-04    4.17e-04    1.66e-03  
      2.101    1.80e-10    6.94e-10    2.68e-09    1.03e-08    3.98e-08    1.53e-07    5.92e-07    2.28e-06    8.80e-06    3.39e-05    1.31e-04    5.04e-04    1.94e-03  
      2.119    3.00e-10    1.12e-09    4.21e-09    1.58e-08    5.90e-08    2.21e-07    8.27e-07    3.10e-06    1.16e-05    4.34e-05    1.62e-04    6.08e-04    2.28e-03  
      2.137    4.98e-10    1.81e-09    6.59e-09    2.39e-08    8.71e-08    3.17e-07    1.15e-06    4.19e-06    1.52e-05    5.53e-05    2.01e-04    7.32e-04    2.66e-03  
      2.156    8.21e-10    2.90e-09    1.02e-08    3.62e-08    1.28e-07    4.52e-07    1.60e-06    5.64e-06    1.99e-05    7.04e-05    2.49e-04    8.78e-04    3.10e-03  
      2.175    1.34e-09    4.61e-09    1.58e-08    5.44e-08    1.87e-07    6.42e-07    2.20e-06    7.57e-06    2.60e-05    8.92e-05    3.06e-04    1.05e-03    3.61e-03  
      2.195    2.18e-09    7.29e-09    2.44e-08    8.13e-08    2.72e-07    9.07e-07    3.03e-06    1.01e-05    3.38e-05    1.13e-04    3.77e-04    1.26e-03    4.20e-03  
      2.216    3.53e-09    1.15e-08    3.72e-08    1.21e-07    3.93e-07    1.28e-06    4.14e-06    1.35e-05    4.37e-05    1.42e-04    4.62e-04    1.50e-03    4.87e-03  
      2.236    5.66e-09    1.79e-08    5.66e-08    1.79e-07    5.65e-07    1.79e-06    5.65e-06    1.79e-05    5.65e-05    1.79e-04    5.64e-04    1.78e-03    5.64e-03  
      2.258    9.03e-09    2.78e-08    8.55e-08    2.63e-07    8.10e-07    2.49e-06    7.67e-06    2.36e-05    7.27e-05    2.24e-04    6.88e-04    2.12e-03    6.52e-03  
      2.279    1.43e-08    4.28e-08    1.29e-07    3.85e-07    1.15e-06    3.46e-06    1.04e-05    3.11e-05    9.32e-05    2.79e-04    8.37e-04    2.51e-03    7.52e-03  
      2.302    2.25e-08    6.57e-08    1.92e-07    5.61e-07    1.64e-06    4.78e-06    1.40e-05    4.08e-05    1.19e-04    3.48e-04    1.02e-03    2.96e-03    8.66e-03  
      2.324    3.52e-08    1.00e-07    2.85e-07    8.12e-07    2.31e-06    6.58e-06    1.87e-05    5.33e-05    1.52e-04    4.32e-04    1.23e-03    3.50e-03    9.95e-03  
      2.348    5.47e-08    1.52e-07    4.22e-07    1.17e-06    3.25e-06    9.01e-06    2.50e-05    6.94e-05    1.92e-04    5.34e-04    1.48e-03    4.11e-03    1.14e-02  
      2.372    8.45e-08    2.29e-07    6.19e-07    1.68e-06    4.54e-06    1.23e-05    3.32e-05    9.00e-05    2.43e-04    6.59e-04    1.78e-03    4.83e-03    1.31e-02  
      2.396    1.30e-07    3.42e-07    9.05e-07    2.39e-06    6.31e-06    1.67e-05    4.40e-05    1.16e-04    3.07e-04    8.11e-04    2.14e-03    5.65e-03    1.49e-02  
      2.421    1.98e-07    5.10e-07    1.31e-06    3.39e-06    8.73e-06    2.25e-05    5.80e-05    1.50e-04    3.86e-04    9.94e-04    2.56e-03    6.61e-03    1.70e-02  
      2.447    3.00e-07    7.54e-07    1.90e-06    4.78e-06    1.20e-05    3.03e-05    7.62e-05    1.92e-04    4.83e-04    1.22e-03    3.06e-03    7.70e-03    1.94e-02  
      2.474    4.51e-07    1.11e-06    2.73e-06    6.71e-06    1.65e-05    4.05e-05    9.97e-05    2.45e-04    6.03e-04    1.48e-03    3.64e-03    8.96e-03    2.20e-02  
      2.501    6.75e-07    1.62e-06    3.90e-06    9.36e-06    2.25e-05    5.40e-05    1.30e-04    3.12e-04    7.49e-04    1.80e-03    4.33e-03    1.04e-02    2.50e-02  
      2.529    1.00e-06    2.36e-06    5.54e-06    1.30e-05    3.05e-05    7.17e-05    1.68e-04    3.96e-04    9.29e-04    2.18e-03    5.12e-03    1.20e-02    2.83e-02  
      2.557    1.48e-06    3.40e-06    7.82e-06    1.80e-05    4.13e-05    9.47e-05    2.18e-04    5.00e-04    1.15e-03    2.64e-03    6.05e-03    1.39e-02    3.19e-02  
      2.587    2.18e-06    4.89e-06    1.10e-05    2.47e-05    5.55e-05    1.25e-04    2.80e-04    6.29e-04    1.41e-03    3.17e-03    7.13e-03    1.60e-02    3.60e-02  
      2.617    3.18e-06    6.98e-06    1.54e-05    3.38e-05    7.42e-05    1.63e-04    3.59e-04    7.88e-04    1.73e-03    3.81e-03    8.37e-03    1.84e-02    4.05e-02  
      2.648    4.61e-06    9.92e-06    2.13e-05    4.59e-05    9.88e-05    2.13e-04    4.58e-04    9.85e-04    2.12e-03    4.56e-03    9.81e-03    2.11e-02    4.54e-02  
      2.679    6.65e-06    1.40e-05    2.95e-05    6.22e-05    1.31e-04    2.76e-04    5.82e-04    1.23e-03    2.58e-03    5.44e-03    1.15e-02    2.41e-02    5.09e-02  
      2.712    9.52e-06    1.96e-05    4.06e-05    8.37e-05    1.73e-04    3.57e-04    7.36e-04    1.52e-03    3.13e-03    6.47e-03    1.34e-02    2.76e-02    5.69e-02  
      2.746    1.36e-05    2.74e-05    5.54e-05    1.12e-04    2.27e-04    4.59e-04    9.27e-04    1.88e-03    3.79e-03    7.67e-03    1.55e-02    3.14e-02    6.35e-02  
      2.780    1.92e-05    3.80e-05    7.54e-05    1.49e-04    2.96e-04    5.87e-04    1.16e-03    2.31e-03    4.57e-03    9.07e-03    1.80e-02    3.56e-02    7.07e-02  
      2.816    2.70e-05    5.24e-05    1.02e-04    1.98e-04    3.85e-04    7.48e-04    1.45e-03    2.83e-03    5.50e-03    1.07e-02    2.08e-02    4.04e-02    7.85e-02  
      2.852    3.77e-05    7.18e-05    1.37e-04    2.61e-04    4.98e-04    9.50e-04    1.81e-03    3.45e-03    6.58e-03    1.26e-02    2.39e-02    4.56e-02    8.70e-02  
      2.890    5.24e-05    9.79e-05    1.83e-04    3.43e-04    6.41e-04    1.20e-03    2.24e-03    4.20e-03    7.86e-03    1.47e-02    2.75e-02    5.14e-02    9.63e-02  
      2.929    7.23e-05    1.33e-04    2.44e-04    4.48e-04    8.22e-04    1.51e-03    2.77e-03    5.09e-03    9.34e-03    1.72e-02    3.15e-02    5.79e-02    1.06e-01  
      2.969    9.92e-05    1.79e-04    3.22e-04    5.81e-04    1.05e-03    1.89e-03    3.41e-03    6.14e-03    1.11e-02    2.00e-02    3.60e-02    6.49e-02    1.17e-01  
      3.010    1.35e-04    2.39e-04    4.24e-04    7.51e-04    1.33e-03    2.36e-03    4.17e-03    7.39e-03    1.31e-02    2.32e-02    4.10e-02    7.26e-02    1.29e-01  
      3.052    1.83e-04    3.19e-04    5.55e-04    9.66e-04    1.68e-03    2.92e-03    5.08e-03    8.85e-03    1.54e-02    2.68e-02    4.66e-02    8.11e-02    1.41e-01  
      3.096    2.47e-04    4.22e-04    7.22e-04    1.23e-03    2.11e-03    3.61e-03    6.17e-03    1.06e-02    1.80e-02    3.09e-02    5.28e-02    9.03e-02    1.54e-01  
      3.141    3.31e-04    5.56e-04    9.35e-04    1.57e-03    2.64e-03    4.44e-03    7.46e-03    1.25e-02    2.11e-02    3.55e-02    5.96e-02    1.00e-01    1.69e-01  
      3.188    4.40e-04    7.28e-04    1.20e-03    1.99e-03    3.29e-03    5.44e-03    8.99e-03    1.49e-02    2.46e-02    4.06e-02    6.71e-02    1.11e-01    1.84e-01  
      3.236    5.82e-04    9.47e-04    1.54e-03    2.50e-03    4.07e-03    6.63e-03    1.08e-02    1.75e-02    2.85e-02    4.64e-02    7.54e-02    1.23e-01    2.00e-01  
      3.285    7.66e-04    1.22e-03    1.96e-03    3.14e-03    5.02e-03    8.04e-03    1.29e-02    2.06e-02    3.30e-02    5.27e-02    8.44e-02    1.35e-01    2.17e-01  
      3.337    1.00e-03    1.58e-03    2.48e-03    3.91e-03    6.16e-03    9.71e-03    1.53e-02    2.41e-02    3.80e-02    5.98e-02    9.43e-02    1.49e-01    2.34e-01  
      3.390    1.30e-03    2.02e-03    3.13e-03    4.85e-03    7.52e-03    1.17e-02    1.81e-02    2.81e-02    4.36e-02    6.76e-02    1.05e-01    1.63e-01    2.53e-01  
      3.444    1.68e-03    2.56e-03    3.92e-03    5.98e-03    9.14e-03    1.40e-02    2.13e-02    3.26e-02    4.99e-02    7.62e-02    1.17e-01    1.78e-01    2.73e-01  
      3.501    2.15e-03    3.24e-03    4.88e-03    7.34e-03    1.11e-02    1.66e-02    2.51e-02    3.77e-02    5.68e-02    8.56e-02    1.29e-01    1.94e-01    2.93e-01  
      3.560    2.74e-03    4.07e-03    6.04e-03    8.96e-03    1.33e-02    1.97e-02    2.93e-02    4.35e-02    6.45e-02    9.58e-02    1.42e-01    2.11e-01    3.14e-01  
      3.620    3.48e-03    5.09e-03    7.44e-03    1.09e-02    1.59e-02    2.33e-02    3.41e-02    4.99e-02    7.30e-02    1.07e-01    1.57e-01    2.29e-01    3.36e-01  
      3.683    4.38e-03    6.32e-03    9.12e-03    1.32e-02    1.90e-02    2.74e-02    3.95e-02    5.70e-02    8.23e-02    1.19e-01    1.72e-01    2.48e-01    3.59e-01  
      3.748    5.49e-03    7.81e-03    1.11e-02    1.58e-02    2.25e-02    3.20e-02    4.56e-02    6.50e-02    9.25e-02    1.32e-01    1.88e-01    2.68e-01    3.82e-01  
      3.816    6.83e-03    9.59e-03    1.35e-02    1.89e-02    2.66e-02    3.73e-02    5.24e-02    7.37e-02    1.04e-01    1.46e-01    2.05e-01    2.88e-01    4.06e-01  
      3.886    8.44e-03    1.17e-02    1.62e-02    2.25e-02    3.12e-02    4.33e-02    6.00e-02    8.33e-02    1.16e-01    1.60e-01    2.23e-01    3.10e-01    4.31e-01  
      3.959    1.04e-02    1.42e-02    1.95e-02    2.66e-02    3.65e-02    4.99e-02    6.84e-02    9.37e-02    1.28e-01    1.76e-01    2.42e-01    3.32e-01    4.56e-01  
      4.034    1.27e-02    1.71e-02    2.32e-02    3.14e-02    4.24e-02    5.74e-02    7.76e-02    1.05e-01    1.42e-01    1.93e-01    2.61e-01    3.54e-01    4.81e-01  
      4.113    1.54e-02    2.06e-02    2.75e-02    3.67e-02    4.91e-02    6.56e-02    8.77e-02    1.17e-01    1.57e-01    2.10e-01    2.81e-01    3.77e-01    5.07e-01  
      4.194    1.86e-02    2.45e-02    3.24e-02    4.28e-02    5.65e-02    7.47e-02    9.87e-02    1.30e-01    1.73e-01    2.28e-01    3.03e-01    4.01e-01    5.33e-01  
      4.279    2.23e-02    2.91e-02    3.80e-02    4.96e-02    6.48e-02    8.46e-02    1.11e-01    1.45e-01    1.89e-01    2.47e-01    3.24e-01    4.25e-01    5.59e-01  
      4.367    2.66e-02    3.43e-02    4.43e-02    5.72e-02    7.39e-02    9.55e-02    1.23e-01    1.60e-01    2.06e-01    2.67e-01    3.47e-01    4.50e-01    5.85e-01  
      4.459    3.15e-02    4.02e-02    5.14e-02    6.57e-02    8.39e-02    1.07e-01    1.37e-01    1.75e-01    2.25e-01    2.88e-01    3.69e-01    4.75e-01    6.11e-01  
      4.555    3.71e-02    4.69e-02    5.93e-02    7.50e-02    9.48e-02    1.20e-01    1.52e-01    1.92e-01    2.44e-01    3.09e-01    3.93e-01    5.00e-01    6.37e-01  
      4.655    4.35e-02    5.44e-02    6.80e-02    8.51e-02    1.07e-01    1.33e-01    1.67e-01    2.10e-01    2.63e-01    3.31e-01    4.16e-01    5.25e-01    6.63e-01  
      4.759    5.06e-02    6.27e-02    7.77e-02    9.62e-02    1.19e-01    1.48e-01    1.84e-01    2.28e-01    2.84e-01    3.53e-01    4.40e-01    5.50e-01    6.88e-01  
      4.868    5.86e-02    7.18e-02    8.82e-02    1.08e-01    1.33e-01    1.63e-01    2.01e-01    2.47e-01    3.04e-01    3.75e-01    4.64e-01    5.74e-01    7.13e-01  
      4.981    6.74e-02    8.19e-02    9.96e-02    1.21e-01    1.47e-01    1.79e-01    2.19e-01    2.67e-01    3.26e-01    3.98e-01    4.88e-01    5.99e-01    7.38e-01  
      5.100    7.71e-02    9.28e-02    1.12e-01    1.35e-01    1.63e-01    1.96e-01    2.37e-01    2.87e-01    3.47e-01    4.21e-01    5.12e-01    6.23e-01    7.61e-01  
      5.224    8.76e-02    1.05e-01    1.25e-01    1.49e-01    1.79e-01    2.14e-01    2.56e-01    3.08e-01    3.69e-01    4.45e-01    5.36e-01    6.48e-01    7.85e-01  
      5.354    9.91e-02    1.17e-01    1.39e-01    1.65e-01    1.96e-01    2.32e-01    2.76e-01    3.29e-01    3.92e-01    4.68e-01    5.60e-01    6.71e-01    8.08e-01  
      5.490    1.11e-01    1.31e-01    1.54e-01    1.81e-01    2.13e-01    2.51e-01    2.96e-01    3.50e-01    4.14e-01    4.91e-01    5.83e-01    6.94e-01    8.30e-01  
      5.633    1.25e-01    1.45e-01    1.69e-01    1.98e-01    2.31e-01    2.70e-01    3.17e-01    3.71e-01    4.36e-01    5.14e-01    6.06e-01    7.17e-01    8.51e-01  
      5.783    1.39e-01    1.60e-01    1.86e-01    2.15e-01    2.50e-01    2.90e-01    3.37e-01    3.93e-01    4.59e-01    5.36e-01    6.28e-01    7.39e-01    8.71e-01  
      5.940    1.53e-01    1.76e-01    2.03e-01    2.33e-01    2.69e-01    3.10e-01    3.58e-01    4.15e-01    4.81e-01    5.59e-01    6.51e-01    7.60e-01    8.91e-01  
      6.105    1.69e-01    1.93e-01    2.20e-01    2.52e-01    2.88e-01    3.30e-01    3.79e-01    4.36e-01    5.03e-01    5.80e-01    6.72e-01    7.81e-01    9.10e-01  
      6.279    1.85e-01    2.09e-01    2.38e-01    2.70e-01    3.08e-01    3.51e-01    4.00e-01    4.58e-01    5.24e-01    6.02e-01    6.93e-01    8.00e-01    9.28e-01  
      6.462    2.01e-01    2.27e-01    2.56e-01    2.89e-01    3.27e-01    3.71e-01    4.21e-01    4.79e-01    5.45e-01    6.23e-01    7.13e-01    8.19e-01    9.45e-01  
      6.654    2.18e-01    2.45e-01    2.75e-01    3.09e-01    3.47e-01    3.91e-01    4.42e-01    4.99e-01    5.66e-01    6.43e-01    7.33e-01    8.38e-01    9.61e-01  
      6.858    2.35e-01    2.63e-01    2.93e-01    3.28e-01    3.67e-01    4.11e-01    4.62e-01    5.20e-01    5.86e-01    6.62e-01    7.51e-01    8.55e-01    9.77e-01  
      7.072    2.53e-01    2.81e-01    3.12e-01    3.47e-01    3.86e-01    4.31e-01    4.82e-01    5.39e-01    6.05e-01    6.81e-01    7.69e-01    8.72e-01    9.92e-01  
      7.299    2.71e-01    2.99e-01    3.30e-01    3.66e-01    4.06e-01    4.50e-01    5.01e-01    5.59e-01    6.24e-01    7.00e-01    7.86e-01    8.87e-01    1.01e+00  
      7.538    2.88e-01    3.17e-01    3.49e-01    3.85e-01    4.25e-01    4.69e-01    5.20e-01    5.77e-01    6.43e-01    7.17e-01    8.03e-01    9.02e-01    1.02e+00  
      7.792    3.06e-01    3.35e-01    3.67e-01    4.03e-01    4.43e-01    4.88e-01    5.38e-01    5.95e-01    6.60e-01    7.34e-01    8.19e-01    9.16e-01    1.03e+00  
      8.061    3.24e-01    3.53e-01    3.85e-01    4.21e-01    4.61e-01    5.06e-01    5.56e-01    6.13e-01    6.77e-01    7.50e-01    8.33e-01    9.30e-01    1.04e+00  
      8.346    3.41e-01    3.70e-01    4.03e-01    4.39e-01    4.79e-01    5.23e-01    5.73e-01    6.30e-01    6.93e-01    7.65e-01    8.48e-01    9.43e-01    1.05e+00  
      8.648    3.58e-01    3.87e-01    4.20e-01    4.56e-01    4.96e-01    5.40e-01    5.90e-01    6.45e-01    7.08e-01    7.80e-01    8.61e-01    9.54e-01    1.06e+00  
      8.970    3.75e-01    4.04e-01    4.37e-01    4.73e-01    5.12e-01    5.56e-01    6.06e-01    6.61e-01    7.23e-01    7.93e-01    8.73e-01    9.65e-01    1.07e+00  
      9.313    3.91e-01    4.20e-01    4.53e-01    4.89e-01    5.28e-01    5.72e-01    6.21e-01    6.75e-01    7.37e-01    8.06e-01    8.85e-01    9.76e-01    1.08e+00  
      9.677    4.07e-01    4.36e-01    4.68e-01    5.04e-01    5.43e-01    5.87e-01    6.35e-01    6.89e-01    7.50e-01    8.18e-01    8.96e-01    9.86e-01    1.09e+00  
     10.066    4.22e-01    4.51e-01    4.83e-01    5.19e-01    5.58e-01    6.01e-01    6.49e-01    7.02e-01    7.62e-01    8.30e-01    9.07e-01    9.95e-01    1.10e+00  
     10.482    4.36e-01    4.65e-01    4.98e-01    5.33e-01    5.71e-01    6.14e-01    6.62e-01    7.14e-01    7.74e-01    8.40e-01    9.16e-01    1.00e+00    1.10e+00  
     10.926    4.50e-01    4.79e-01    5.11e-01    5.46e-01    5.84e-01    6.27e-01    6.74e-01    7.26e-01    7.85e-01    8.51e-01    9.25e-01    1.01e+00    1.11e+00  
     11.402    4.63e-01    4.92e-01    5.24e-01    5.59e-01    5.97e-01    6.39e-01    6.85e-01    7.37e-01    7.95e-01    8.60e-01    9.34e-01    1.02e+00    1.12e+00  
     11.912    4.76e-01    5.05e-01    5.36e-01    5.71e-01    6.08e-01    6.50e-01    6.96e-01    7.47e-01    8.04e-01    8.69e-01    9.42e-01    1.03e+00    1.12e+00  
     12.460    4.88e-01    5.17e-01    5.48e-01    5.82e-01    6.19e-01    6.60e-01    7.06e-01    7.57e-01    8.13e-01    8.77e-01    9.49e-01    1.03e+00    1.13e+00  
     13.048    4.99e-01    5.28e-01    5.59e-01    5.92e-01    6.30e-01    6.70e-01    7.15e-01    7.66e-01    8.22e-01    8.84e-01    9.56e-01    1.04e+00    1.13e+00  
     13.682    5.10e-01    5.38e-01    5.69e-01    6.02e-01    6.39e-01    6.80e-01    7.24e-01    7.74e-01    8.29e-01    8.91e-01    9.62e-01    1.04e+00    1.13e+00  
     14.365    5.20e-01    5.48e-01    5.78e-01    6.12e-01    6.48e-01    6.88e-01    7.32e-01    7.82e-01    8.36e-01    8.98e-01    9.68e-01    1.05e+00    1.14e+00  
     15.103    5.29e-01    5.57e-01    5.87e-01    6.20e-01    6.56e-01    6.96e-01    7.40e-01    7.89e-01    8.43e-01    9.04e-01    9.73e-01    1.05e+00    1.14e+00  
     15.901    5.38e-01    5.66e-01    5.96e-01    6.28e-01    6.64e-01    7.03e-01    7.47e-01    7.95e-01    8.49e-01    9.10e-01    9.78e-01    1.06e+00    1.15e+00  
     16.765    5.46e-01    5.73e-01    6.03e-01    6.36e-01    6.71e-01    7.10e-01    7.53e-01    8.01e-01    8.55e-01    9.15e-01    9.82e-01    1.06e+00    1.15e+00  
     17.702    5.53e-01    5.81e-01    6.10e-01    6.43e-01    6.78e-01    7.17e-01    7.59e-01    8.07e-01    8.60e-01    9.19e-01    9.86e-01    1.06e+00    1.15e+00  
     18.720    5.60e-01    5.87e-01    6.17e-01    6.49e-01    6.84e-01    7.22e-01    7.65e-01    8.12e-01    8.65e-01    9.23e-01    9.90e-01    1.07e+00    1.15e+00  
     19.828    5.67e-01    5.93e-01    6.23e-01    6.55e-01    6.89e-01    7.28e-01    7.70e-01    8.17e-01    8.69e-01    9.27e-01    9.93e-01    1.07e+00    1.16e+00  
     21.037    5.72e-01    5.99e-01    6.28e-01    6.60e-01    6.94e-01    7.32e-01    7.74e-01    8.21e-01    8.73e-01    9.31e-01    9.96e-01    1.07e+00    1.16e+00  
     22.357    5.78e-01    6.04e-01    6.33e-01    6.65e-01    6.99e-01    7.37e-01    7.78e-01    8.25e-01    8.76e-01    9.34e-01    9.99e-01    1.07e+00    1.16e+00  
     23.801    5.83e-01    6.09e-01    6.38e-01    6.69e-01    7.03e-01    7.41e-01    7.82e-01    8.28e-01    8.79e-01    9.37e-01    1.00e+00    1.08e+00    1.16e+00  
     25.385    5.87e-01    6.13e-01    6.42e-01    6.73e-01    7.07e-01    7.44e-01    7.86e-01    8.31e-01    8.82e-01    9.39e-01    1.00e+00    1.08e+00    1.16e+00  
     27.125    5.91e-01    6.17e-01    6.45e-01    6.77e-01    7.10e-01    7.48e-01    7.89e-01    8.34e-01    8.85e-01    9.42e-01    1.01e+00    1.08e+00    1.16e+00  
     29.040    5.94e-01    6.20e-01    6.49e-01    6.80e-01    7.13e-01    7.50e-01    7.91e-01    8.37e-01    8.87e-01    9.44e-01    1.01e+00    1.08e+00    1.16e+00  
     31.152    5.97e-01    6.23e-01    6.52e-01    6.83e-01    7.16e-01    7.53e-01    7.94e-01    8.39e-01    8.89e-01    9.46e-01    1.01e+00    1.08e+00    1.17e+00  
     33.486    6.00e-01    6.26e-01    6.54e-01    6.85e-01    7.19e-01    7.55e-01    7.96e-01    8.41e-01    8.91e-01    9.48e-01    1.01e+00    1.08e+00    1.17e+00  
     36.072    6.03e-01    6.29e-01    6.57e-01    6.87e-01    7.21e-01    7.57e-01    7.98e-01    8.43e-01    8.93e-01    9.49e-01    1.01e+00    1.08e+00    1.17e+00  
     38.942    6.05e-01    6.31e-01    6.59e-01    6.89e-01    7.23e-01    7.59e-01    8.00e-01    8.44e-01    8.94e-01    9.50e-01    1.01e+00    1.09e+00    1.17e+00  
     42.136    6.07e-01    6.33e-01    6.61e-01    6.91e-01    7.24e-01    7.61e-01    8.01e-01    8.46e-01    8.96e-01    9.51e-01    1.01e+00    1.09e+00    1.17e+00  
     45.699    6.09e-01    6.34e-01    6.62e-01    6.93e-01    7.26e-01    7.62e-01    8.03e-01    8.47e-01    8.97e-01    9.52e-01    1.02e+00    1.09e+00    1.17e+00  
     49.681    6.10e-01    6.36e-01    6.64e-01    6.94e-01    7.27e-01    7.63e-01    8.04e-01    8.48e-01    8.98e-01    9.53e-01    1.02e+00    1.09e+00    1.17e+00  
     54.145    6.12e-01    6.37e-01    6.65e-01    6.95e-01    7.28e-01    7.64e-01    8.05e-01    8.49e-01    8.99e-01    9.54e-01    1.02e+00    1.09e+00    1.17e+00  
     59.162    6.13e-01    6.38e-01    6.66e-01    6.96e-01    7.29e-01    7.65e-01    8.06e-01    8.50e-01    8.99e-01    9.55e-01    1.02e+00    1.09e+00    1.17e+00  
     64.813    6.14e-01    6.39e-01    6.67e-01    6.97e-01    7.30e-01    7.66e-01    8.06e-01    8.51e-01    9.00e-01    9.55e-01    1.02e+00    1.09e+00    1.17e+00  
     71.197    6.14e-01    6.40e-01    6.68e-01    6.98e-01    7.31e-01    7.67e-01    8.07e-01    8.51e-01    9.00e-01    9.56e-01    1.02e+00    1.09e+00    1.17e+00  
     78.430    6.15e-01    6.41e-01    6.68e-01    6.98e-01    7.31e-01    7.67e-01    8.07e-01    8.52e-01    9.01e-01    9.56e-01    1.02e+00    1.09e+00    1.17e+00  
     86.647    6.16e-01    6.41e-01    6.69e-01    6.99e-01    7.32e-01    7.68e-01    8.08e-01    8.52e-01    9.01e-01    9.56e-01    1.02e+00    1.09e+00    1.17e+00  
     96.010    6.16e-01    6.42e-01    6.69e-01    6.99e-01    7.32e-01    7.68e-01    8.08e-01    8.52e-01    9.02e-01    9.57e-01    1.02e+00    1.09e+00    1.17e+00  
    106.712    6.17e-01    6.42e-01    6.70e-01    7.00e-01    7.33e-01    7.69e-01    8.09e-01    8.53e-01    9.02e-01    9.57e-01    1.02e+00    1.09e+00    1.17e+00  
    118.983    6.17e-01    6.42e-01    6.70e-01    7.00e-01    7.33e-01    7.69e-01    8.09e-01    8.53e-01    9.02e-01    9.57e-01    1.02e+00    1.09e+00    1.17e+00  
    133.097    6.17e-01    6.43e-01    6.70e-01    7.00e-01    7.33e-01    7.69e-01    8.09e-01    8.53e-01    9.02e-01    9.57e-01    1.02e+00    1.09e+00    1.17e+00  
    149.386    6.18e-01    6.43e-01    6.71e-01    7.01e-01    7.33e-01    7.70e-01    8.09e-01    8.53e-01    9.02e-01    9.57e-01    1.02e+00    1.09e+00    1.17e+00  
    168.249    6.18e-01    6.43e-01    6.71e-01    7.01e-01    7.34e-01    7.70e-01    8.09e-01    8.53e-01    9.02e-01    9.58e-01    1.02e+00    1.09e+00    1.17e+00  
    190.170    6.18e-01    6.43e-01    6.71e-01    7.01e-01    7.34e-01    7.70e-01    8.10e-01    8.54e-01    9.03e-01    9.58e-01    1.02e+00    1.09e+00    1.17e+00  
    215.737    6.18e-01    6.43e-01    6.71e-01    7.01e-01    7.34e-01    7.70e-01    8.10e-01    8.54e-01    9.03e-01    9.58e-01    1.02e+00    1.09e+00    1.17e+00  
    245.669    6.18e-01    6.44e-01    6.71e-01    7.01e-01    7.34e-01    7.70e-01    8.10e-01    8.54e-01    9.03e-01    9.58e-01    1.02e+00    1.09e+00    1.17e+00  
    280.846    6.18e-01    6.44e-01    6.71e-01    7.01e-01    7.34e-01    7.70e-01    8.10e-01    8.54e-01    9.03e-01    9.58e-01    1.02e+00    1.09e+00    1.17e+00  
    322.350    6.18e-01    6.44e-01    6.71e-01    7.01e-01    7.34e-01    7.70e-01    8.10e-01    8.54e-01    9.03e-01    9.58e-01    1.02e+00    1.09e+00    1.17e+00  
    371.520    6.18e-01    6.44e-01    6.71e-01    7.01e-01    7.34e-01    7.70e-01    8.10e-01    8.54e-01    9.03e-01    9.58e-01    1.02e+00    1.09e+00    1.17e+00  
    430.018    6.18e-01    6.44e-01    6.71e-01    7.01e-01    7.34e-01    7.70e-01    8.10e-01    8.54e-01    9.03e-01    9.58e-01    1.02e+00    1.09e+00    1.17e+00  
    499.914    6.18e-01    6.44e-01    6.71e-01    7.01e-01    7.34e-01    7.70e-01    8.10e-01    8.54e-01    9.03e-01    9.58e-01    1.02e+00    1.09e+00    1.17e+00  
    583.801    6.18e-01    6.44e-01    6.71e-01    7.01e-01    7.34e-01    7.70e-01    8.10e-01    8.54e-01    9.03e-01    9.58e-01    1.02e+00    1.09e+00    1.17e+00  
    684.946    6.18e-01    6.44e-01    6.71e-01    7.01e-01    7.34e-01    7.70e-01    8.10e-01    8.54e-01    9.03e-01    9.58e-01    1.02e+00    1.09e+00    1.17e+00  
    807.474    6.18e-01    6.44e-01    6.71e-01    7.01e-01    7.34e-01    7.70e-01    8.10e-01    8.54e-01    9.03e-01    9.58e-01    1.02e+00    1.09e+00    1.17e+00  
    956.633    6.18e-01    6.44e-01    6.71e-01    7.01e-01    7.34e-01    7.70e-01    8.10e-01    8.54e-01    9.03e-01    9.58e-01    1.02e+00    1.09e+00    1.17e+00  
   1139.122    6.18e-01    6.44e-01    6.71e-01    7.01e-01    7.34e-01    7.70e-01    8.10e-01    8.54e-01    9.03e-01    9.58e-01    1.02e+00    1.09e+00    1.17e+00  
   1363.546    6.18e-01    6.44e-01    6.71e-01    7.01e-01    7.34e-01    7.70e-01    8.10e-01    8.54e-01    9.03e-01    9.58e-01    1.02e+00    1.09e+00    1.17e+00  
   1641.013    6.18e-01    6.44e-01    6.71e-01    7.01e-01    7.34e-01    7.70e-01    8.10e-01    8.54e-01    9.03e-01    9.58e-01    1.02e+00    1.09e+00    1.17e+00  
   1985.947    6.18e-01    6.44e-01    6.71e-01    7.01e-01    7.34e-01    7.70e-01    8.10e-01    8.54e-01    9.03e-01    9.58e-01    1.02e+00    1.09e+00    1.17e+00  
